 nmax,omega =          900   50.000000000000000     
         1          1         25.000000        25.000000
         2          4         75.000000        75.000000
         3          9        125.000000       125.000000
         4         16        175.000000       175.000000
         5         25        225.000000       225.000000
         6         36        275.000000       275.000000
         7         49        325.000000       325.000000
         8         64        375.000000       375.000000
         9         81        425.000000       425.000000
        10        100        475.000000       475.000000
        11        121        525.000000       525.000000
        12        144        575.000000       575.000000
        13        169        625.000000       625.000000
        14        196        675.000000       675.000000
        15        225        725.000000       725.000000
        16        256        775.000001       775.000000
        17        289        825.000007       825.000000
        18        324        875.000037       875.000000
        19        361        925.000169       925.000000
        20        400        975.000717       975.000000
        21        441       1025.002791      1025.000000
        22        484       1075.009974      1075.000000
        23        529       1125.032690      1125.000000
        24        576       1175.098086      1175.000000
        25        625       1225.268823      1225.000000
        26        676       1275.671292      1275.000000
        27        729       1326.524824      1325.000000
        28        784       1378.151735      1375.000000
        29        841       1430.948118      1425.000000
        30        900       1485.318065      1475.000000
        31        961       1541.603101      1525.000000
        32       1024       1600.041903      1575.000000
        33       1089       1660.769965      1625.000000
        34       1156       1723.844073      1675.000000
        35       1225       1789.271790      1725.000000
        36       1296       1857.034808      1775.000000
        37       1369       1927.103823      1825.000000
        38       1444       1999.446713      1875.000000
        39       1521       2074.032521      1925.000000
        40       1600       2150.833087      1975.000000
        41       1681       2229.823518      2025.000000
        42       1764       2310.982104      2075.000000
        43       1849       2394.290024      2125.000000
        44       1936       2479.730985      2175.000000
        45       2025       2567.290865      2225.000000
        46       2116       2656.957400      2275.000000
        47       2209       2748.719901      2325.000000
        48       2304       2842.569025      2375.000000
        49       2401       2938.496570      2425.000000
        50       2500       3036.495314      2475.000000
        51       2601       3136.558873      2525.000000
        52       2704       3238.681585      2575.000000
        53       2809       3342.858414      2625.000000
        54       2916       3449.084863      2675.000000
        55       3025       3557.356909      2725.000000
        56       3136       3667.670937      2775.000000
        57       3249       3780.023695      2825.000000
        58       3364       3894.412249      2875.000000
        59       3481       4010.833943      2925.000000
        60       3600       4129.286371      2975.000000
        61       3721       4249.767344      3025.000000
        62       3844       4372.274872      3075.000000
        63       3969       4496.807136      3125.000000
        64       4096       4623.362475      3175.000000
        65       4225       4751.939369      3225.000000
        66       4356       4882.536423      3275.000000
        67       4489       5015.152352      3325.000000
        68       4624       5149.785979      3375.000000
        69       4761       5286.436214      3425.000000
        70       4900       5425.102054      3475.000000
        71       5041       5565.782571      3525.000000
        72       5184       5708.476906      3575.000000
        73       5329       5853.184262      3625.000000
        74       5476       5999.903901      3675.000000
        75       5625       6148.635137      3725.000000
        76       5776       6299.377330      3775.000000
        77       5929       6452.129887      3825.000000
        78       6084       6606.892253      3875.000000
        79       6241       6763.663910      3925.000000
        80       6400       6922.444376      3975.000000
        81       6561       7083.233198      4025.000000
        82       6724       7246.029954      4075.000000
        83       6889       7410.834247      4125.000000
        84       7056       7577.645706      4175.000000
        85       7225       7746.463981      4225.000000
        86       7396       7917.288746      4275.000000
        87       7569       8090.119693      4325.000000
        88       7744       8264.956531      4375.000000
        89       7921       8441.798988      4425.000000
        90       8100       8620.646807      4475.000000
        91       8281       8801.499745      4525.000000
        92       8464       8984.357574      4575.000000
        93       8649       9169.220077      4625.000000
        94       8836       9356.087052      4675.000000
        95       9025       9544.958303      4725.000000
        96       9216       9735.833649      4775.000000
        97       9409       9928.712918      4825.000000
        98       9604      10123.595944      4875.000000
        99       9801      10320.482573      4925.000000
       100      10000      10519.372657      4975.000000
       101      10201      10720.266057      5025.000000
       102      10404      10923.162640      5075.000000
       103      10609      11128.062279      5125.000000
       104      10816      11334.964855      5175.000000
       105      11025      11543.870254      5225.000000
       106      11236      11754.778366      5275.000000
       107      11449      11967.689090      5325.000000
       108      11664      12182.602326      5375.000000
       109      11881      12399.517980      5425.000000
       110      12100      12618.435963      5475.000000
       111      12321      12839.356189      5525.000000
       112      12544      13062.278578      5575.000000
       113      12769      13287.203051      5625.000000
       114      12996      13514.129534      5675.000000
       115      13225      13743.057956      5725.000000
       116      13456      13973.988250      5775.000000
       117      13689      14206.920349      5825.000000
       118      13924      14441.854193      5875.000000
       119      14161      14678.789721      5925.000000
       120      14400      14917.726877      5975.000000
       121      14641      15158.665606      6025.000000
       122      14884      15401.605856      6075.000000
       123      15129      15646.547577      6125.000000
       124      15376      15893.490721      6175.000000
       125      15625      16142.435241      6225.000000
       126      15876      16393.381094      6275.000000
       127      16129      16646.328237      6325.000000
       128      16384      16901.276628      6375.000000
       129      16641      17158.226230      6425.000000
       130      16900      17417.177004      6475.000000
       131      17161      17678.128915      6525.000000
       132      17424      17941.081926      6575.000000
       133      17689      18206.036006      6625.000000
       134      17956      18472.991121      6675.000000
       135      18225      18741.947240      6725.000000
       136      18496      19012.904335      6775.000000
       137      18769      19285.862375      6825.000000
       138      19044      19560.821334      6875.000000
       139      19321      19837.781185      6925.000000
       140      19600      20116.741901      6975.000000
       141      19881      20397.703459      7025.000000
       142      20164      20680.665834      7075.000000
       143      20449      20965.629003      7125.000000
       144      20736      21252.592944      7175.000000
       145      21025      21541.557636      7225.000000
       146      21316      21832.523057      7275.000000
       147      21609      22125.489188      7325.000000
       148      21904      22420.456009      7375.000000
       149      22201      22717.423502      7425.000000
       150      22500      23016.391649      7475.000000
       151      22801      23317.360432      7525.000000
       152      23104      23620.329834      7575.000000
       153      23409      23925.299840      7625.000000
       154      23716      24232.270432      7675.000000
       155      24025      24541.241597      7725.000000
       156      24336      24852.213319      7775.000000
       157      24649      25165.185583      7825.000000
       158      24964      25480.158377      7875.000000
       159      25281      25797.131686      7925.000000
       160      25600      26116.105499      7975.000000
       161      25921      26437.079801      8025.000000
       162      26244      26760.054581      8075.000000
       163      26569      27085.029827      8125.000000
       164      26896      27412.005529      8175.000000
       165      27225      27740.981673      8225.000000
       166      27556      28071.958251      8275.000000
       167      27889      28404.935251      8325.000000
       168      28224      28739.912663      8375.000000
       169      28561      29076.890478      8425.000000
       170      28900      29415.868686      8475.000000
       171      29241      29756.847277      8525.000000
       172      29584      30099.826244      8575.000000
       173      29929      30444.805576      8625.000000
       174      30276      30791.785266      8675.000000
       175      30625      31140.765305      8725.000000
       176      30976      31491.745686      8775.000000
       177      31329      31844.726401      8825.000000
       178      31684      32199.707441      8875.000000
       179      32041      32556.688800      8925.000000
       180      32400      32915.670471      8975.000000
       181      32761      33276.652447      9025.000000
       182      33124      33639.634721      9075.000000
       183      33489      34004.617286      9125.000000
       184      33856      34371.600136      9175.000000
       185      34225      34740.583266      9225.000000
       186      34596      35111.566668      9275.000000
       187      34969      35484.550337      9325.000000
       188      35344      35859.534268      9375.000000
       189      35721      36236.518454      9425.000000
       190      36100      36615.502890      9475.000000
       191      36481      36996.487572      9525.000000
       192      36864      37379.472494      9575.000000
       193      37249      37764.457651      9625.000000
       194      37636      38151.443038      9675.000000
       195      38025      38540.428650      9725.000000
       196      38416      38931.414483      9775.000000
       197      38809      39324.400532      9825.000000
       198      39204      39719.386793      9875.000000
       199      39601      40116.373262      9925.000000
       200      40000      40515.359934      9975.000000
       201      40401      40916.346805     10025.000000
       202      40804      41319.333872     10075.000000
       203      41209      41724.321131     10125.000000
       204      41616      42131.308577     10175.000000
       205      42025      42540.296208     10225.000000
       206      42436      42951.284018     10275.000000
       207      42849      43364.272006     10325.000000
       208      43264      43779.260168     10375.000000
       209      43681      44196.248500     10425.000000
       210      44100      44615.236998     10475.000000
       211      44521      45036.225661     10525.000000
       212      44944      45459.214484     10575.000000
       213      45369      45884.203466     10625.000000
       214      45796      46311.192601     10675.000000
       215      46225      46740.181889     10725.000000
       216      46656      47171.171326     10775.000000
       217      47089      47604.160909     10825.000000
       218      47524      48039.150636     10875.000000
       219      47961      48476.140503     10925.000000
       220      48400      48915.130509     10975.000000
       221      48841      49356.120651     11025.000000
       222      49284      49799.110927     11075.000000
       223      49729      50244.101333     11125.000000
       224      50176      50691.091868     11175.000000
       225      50625      51140.082529     11225.000000
       226      51076      51591.073315     11275.000000
       227      51529      52044.064223     11325.000000
       228      51984      52499.055250     11375.000000
       229      52441      52956.046395     11425.000000
       230      52900      53415.037656     11475.000000
       231      53361      53876.029030     11525.000000
       232      53824      54339.020516     11575.000000
       233      54289      54804.012112     11625.000000
       234      54756      55271.003816     11675.000000
       235      55225      55739.995626     11725.000000
       236      55696      56210.987540     11775.000000
       237      56169      56683.979557     11825.000000
       238      56644      57158.971674     11875.000000
       239      57121      57635.963890     11925.000000
       240      57600      58114.956204     11975.000000
       241      58081      58595.948614     12025.000000
       242      58564      59078.941118     12075.000000
       243      59049      59563.933714     12125.000000
       244      59536      60050.926402     12175.000000
       245      60025      60539.919179     12225.000000
       246      60516      61030.912044     12275.000000
       247      61009      61523.904996     12325.000000
       248      61504      62018.898034     12375.000000
       249      62001      62515.891155     12425.000000
       250      62500      63014.884360     12475.000000
       251      63001      63515.877645     12525.000000
       252      63504      64018.871010     12575.000000
       253      64009      64523.864455     12625.000000
       254      64516      65030.857976     12675.000000
       255      65025      65539.851574     12725.000000
       256      65536      66050.845247     12775.000000
       257      66049      66563.838994     12825.000000
       258      66564      67078.832814     12875.000000
       259      67081      67595.826706     12925.000000
       260      67600      68114.820667     12975.000000
       261      68121      68635.814699     13025.000000
       262      68644      69158.808799     13075.000000
       263      69169      69683.802966     13125.000000
       264      69696      70210.797200     13175.000000
       265      70225      70739.791498     13225.000000
       266      70756      71270.785862     13275.000000
       267      71289      71803.780288     13325.000000
       268      71824      72338.774777     13375.000000
       269      72361      72875.769328     13425.000000
       270      72900      73414.763939     13475.000000
       271      73441      73955.758610     13525.000000
       272      73984      74498.753339     13575.000000
       273      74529      75043.748127     13625.000000
       274      75076      75590.742972     13675.000000
       275      75625      76139.737873     13725.000000
       276      76176      76690.732829     13775.000000
       277      76729      77243.727840     13825.000000
       278      77284      77798.722905     13875.000000
       279      77841      78355.718023     13925.000000
       280      78400      78914.713194     13975.000000
       281      78961      79475.708416     14025.000000
       282      79524      80038.703689     14075.000000
       283      80089      80603.699012     14125.000000
       284      80656      81170.694384     14175.000000
       285      81225      81739.689806     14225.000000
       286      81796      82310.685275     14275.000000
       287      82369      82883.680791     14325.000000
       288      82944      83458.676355     14375.000000
       289      83521      84035.671964     14425.000000
       290      84100      84614.667619     14475.000000
       291      84681      85195.663319     14525.000000
       292      85264      85778.659063     14575.000000
       293      85849      86363.654850     14625.000000
       294      86436      86950.650681     14675.000000
       295      87025      87539.646554     14725.000000
       296      87616      88130.642469     14775.000000
       297      88209      88723.638425     14825.000000
       298      88804      89318.634421     14875.000000
       299      89401      89915.630458     14925.000000
       300      90000      90514.626535     14975.000000
       301      90601      91115.622651     15025.000000
       302      91204      91718.618805     15075.000000
       303      91809      92323.614998     15125.000000
       304      92416      92930.611228     15175.000000
       305      93025      93539.607495     15225.000000
       306      93636      94150.603799     15275.000000
       307      94249      94763.600138     15325.000000
       308      94864      95378.596514     15375.000000
       309      95481      95995.592925     15425.000000
       310      96100      96614.589370     15475.000000
       311      96721      97235.585850     15525.000000
       312      97344      97858.582364     15575.000000
       313      97969      98483.578911     15625.000000
       314      98596      99110.575491     15675.000000
       315      99225      99739.572103     15725.000000
       316      99856     100370.568748     15775.000000
       317     100489     101003.565425     15825.000000
       318     101124     101638.562133     15875.000000
       319     101761     102275.558872     15925.000000
       320     102400     102914.555641     15975.000000
       321     103041     103555.552441     16025.000000
       322     103684     104198.549270     16075.000000
       323     104329     104843.546129     16125.000000
       324     104976     105490.543018     16175.000000
       325     105625     106139.539934     16225.000000
       326     106276     106790.536880     16275.000000
       327     106929     107443.533853     16325.000000
       328     107584     108098.530854     16375.000000
       329     108241     108755.527882     16425.000000
       330     108900     109414.524937     16475.000000
       331     109561     110075.522019     16525.000000
       332     110224     110738.519128     16575.000000
       333     110889     111403.516262     16625.000000
       334     111556     112070.513422     16675.000000
       335     112225     112739.510608     16725.000000
       336     112896     113410.507818     16775.000000
       337     113569     114083.505054     16825.000000
       338     114244     114758.502314     16875.000000
       339     114921     115435.499598     16925.000000
       340     115600     116114.496907     16975.000000
       341     116281     116795.494239     17025.000000
       342     116964     117478.491594     17075.000000
       343     117649     118163.488973     17125.000000
       344     118336     118850.486374     17175.000000
       345     119025     119539.483798     17225.000000
       346     119716     120230.481244     17275.000000
       347     120409     120923.478713     17325.000000
       348     121104     121618.476203     17375.000000
       349     121801     122315.473715     17425.000000
       350     122500     123014.471248     17475.000000
       351     123201     123715.468802     17525.000000
       352     123904     124418.466377     17575.000000
       353     124609     125123.463973     17625.000000
       354     125316     125830.461589     17675.000000
       355     126025     126539.459225     17725.000000
       356     126736     127250.456881     17775.000000
       357     127449     127963.454557     17825.000000
       358     128164     128678.452253     17875.000000
       359     128881     129395.449967     17925.000000
       360     129600     130114.447701     17975.000000
       361     130321     130835.445453     18025.000000
       362     131044     131558.443224     18075.000000
       363     131769     132283.441014     18125.000000
       364     132496     133010.438822     18175.000000
       365     133225     133739.436647     18225.000000
       366     133956     134470.434491     18275.000000
       367     134689     135203.432352     18325.000000
       368     135424     135938.430231     18375.000000
       369     136161     136675.428127     18425.000000
       370     136900     137414.426040     18475.000000
       371     137641     138155.423969     18525.000000
       372     138384     138898.421916     18575.000000
       373     139129     139643.419879     18625.000000
       374     139876     140390.417858     18675.000000
       375     140625     141139.415854     18725.000000
       376     141376     141890.413865     18775.000000
       377     142129     142643.411893     18825.000000
       378     142884     143398.409936     18875.000000
       379     143641     144155.407994     18925.000000
       380     144400     144914.406068     18975.000000
       381     145161     145675.404157     19025.000000
       382     145924     146438.402261     19075.000000
       383     146689     147203.400380     19125.000000
       384     147456     147970.398513     19175.000000
       385     148225     148739.396661     19225.000000
       386     148996     149510.394824     19275.000000
       387     149769     150283.393001     19325.000000
       388     150544     151058.391192     19375.000000
       389     151321     151835.389396     19425.000000
       390     152100     152614.387615     19475.000000
       391     152881     153395.385847     19525.000000
       392     153664     154178.384093     19575.000000
       393     154449     154963.382352     19625.000000
       394     155236     155750.380624     19675.000000
       395     156025     156539.378910     19725.000000
       396     156816     157330.377209     19775.000000
       397     157609     158123.375520     19825.000000
       398     158404     158918.373844     19875.000000
       399     159201     159715.372181     19925.000000
       400     160000     160514.370530     19975.000000
       401     160801     161315.368892     20025.000000
       402     161604     162118.367265     20075.000000
       403     162409     162923.365651     20125.000000
       404     163216     163730.364049     20175.000000
       405     164025     164539.362459     20225.000000
       406     164836     165350.360880     20275.000000
       407     165649     166163.359313     20325.000000
       408     166464     166978.357758     20375.000000
       409     167281     167795.356214     20425.000000
       410     168100     168614.354681     20475.000000
       411     168921     169435.353160     20525.000000
       412     169744     170258.351649     20575.000000
       413     170569     171083.350150     20625.000000
       414     171396     171910.348661     20675.000000
       415     172225     172739.347184     20725.000000
       416     173056     173570.345716     20775.000000
       417     173889     174403.344260     20825.000000
       418     174724     175238.342814     20875.000000
       419     175561     176075.341378     20925.000000
       420     176400     176914.339952     20975.000000
       421     177241     177755.338537     21025.000000
       422     178084     178598.337132     21075.000000
       423     178929     179443.335736     21125.000000
       424     179776     180290.334351     21175.000000
       425     180625     181139.332975     21225.000000
       426     181476     181990.331609     21275.000000
       427     182329     182843.330253     21325.000000
       428     183184     183698.328906     21375.000000
       429     184041     184555.327568     21425.000000
       430     184900     185414.326240     21475.000000
       431     185761     186275.324921     21525.000000
       432     186624     187138.323611     21575.000000
       433     187489     188003.322311     21625.000000
       434     188356     188870.321019     21675.000000
       435     189225     189739.319736     21725.000000
       436     190096     190610.318462     21775.000000
       437     190969     191483.317197     21825.000000
       438     191844     192358.315940     21875.000000
       439     192721     193235.314692     21925.000000
       440     193600     194114.313453     21975.000000
       441     194481     194995.312222     22025.000000
       442     195364     195878.310999     22075.000000
       443     196249     196763.309785     22125.000000
       444     197136     197650.308578     22175.000000
       445     198025     198539.307380     22225.000000
       446     198916     199430.306190     22275.000000
       447     199809     200323.305008     22325.000000
       448     200704     201218.303834     22375.000000
       449     201601     202115.302668     22425.000000
       450     202500     203014.301509     22475.000000
       451     203401     203915.300359     22525.000000
       452     204304     204818.299215     22575.000000
       453     205209     205723.298080     22625.000000
       454     206116     206630.296952     22675.000000
       455     207025     207539.295831     22725.000000
       456     207936     208450.294718     22775.000000
       457     208849     209363.293612     22825.000000
       458     209764     210278.292513     22875.000000
       459     210681     211195.291422     22925.000000
       460     211600     212114.290337     22975.000000
       461     212521     213035.289260     23025.000000
       462     213444     213958.288189     23075.000000
       463     214369     214883.287126     23125.000000
       464     215296     215810.286069     23175.000000
       465     216225     216739.285020     23225.000000
       466     217156     217670.283977     23275.000000
       467     218089     218603.282940     23325.000000
       468     219024     219538.281911     23375.000000
       469     219961     220475.280888     23425.000000
       470     220900     221414.279871     23475.000000
       471     221841     222355.278861     23525.000000
       472     222784     223298.277857     23575.000000
       473     223729     224243.276860     23625.000000
       474     224676     225190.275869     23675.000000
       475     225625     226139.274884     23725.000000
       476     226576     227090.273906     23775.000000
       477     227529     228043.272933     23825.000000
       478     228484     228998.271967     23875.000000
       479     229441     229955.271007     23925.000000
       480     230400     230914.270053     23975.000000
       481     231361     231875.269104     24025.000000
       482     232324     232838.268162     24075.000000
       483     233289     233803.267226     24125.000000
       484     234256     234770.266295     24175.000000
       485     235225     235739.265370     24225.000000
       486     236196     236710.264451     24275.000000
       487     237169     237683.263537     24325.000000
       488     238144     238658.262629     24375.000000
       489     239121     239635.261727     24425.000000
       490     240100     240614.260830     24475.000000
       491     241081     241595.259938     24525.000000
       492     242064     242578.259052     24575.000000
       493     243049     243563.258172     24625.000000
       494     244036     244550.257297     24675.000000
       495     245025     245539.256427     24725.000000
       496     246016     246530.255562     24775.000000
       497     247009     247523.254703     24825.000000
       498     248004     248518.253848     24875.000000
       499     249001     249515.252999     24925.000000
       500     250000     250514.252155     24975.000000
       501     251001     251515.251316     25025.000000
       502     252004     252518.250482     25075.000000
       503     253009     253523.249653     25125.000000
       504     254016     254530.248829     25175.000000
       505     255025     255539.248010     25225.000000
       506     256036     256550.247196     25275.000000
       507     257049     257563.246386     25325.000000
       508     258064     258578.245581     25375.000000
       509     259081     259595.244781     25425.000000
       510     260100     260614.243986     25475.000000
       511     261121     261635.243195     25525.000000
       512     262144     262658.242410     25575.000000
       513     263169     263683.241628     25625.000000
       514     264196     264710.240851     25675.000000
       515     265225     265739.240079     25725.000000
       516     266256     266770.239311     25775.000000
       517     267289     267803.238548     25825.000000
       518     268324     268838.237789     25875.000000
       519     269361     269875.237034     25925.000000
       520     270400     270914.236284     25975.000000
       521     271441     271955.235538     26025.000000
       522     272484     272998.234797     26075.000000
       523     273529     274043.234059     26125.000000
       524     274576     275090.233326     26175.000000
       525     275625     276139.232597     26225.000000
       526     276676     277190.231872     26275.000000
       527     277729     278243.231152     26325.000000
       528     278784     279298.230435     26375.000000
       529     279841     280355.229723     26425.000000
       530     280900     281414.229014     26475.000000
       531     281961     282475.228310     26525.000000
       532     283024     283538.227609     26575.000000
       533     284089     284603.226913     26625.000000
       534     285156     285670.226220     26675.000000
       535     286225     286739.225531     26725.000000
       536     287296     287810.224846     26775.000000
       537     288369     288883.224165     26825.000000
       538     289444     289958.223488     26875.000000
       539     290521     291035.222815     26925.000000
       540     291600     292114.222145     26975.000000
       541     292681     293195.221479     27025.000000
       542     293764     294278.220816     27075.000000
       543     294849     295363.220158     27125.000000
       544     295936     296450.219503     27175.000000
       545     297025     297539.218851     27225.000000
       546     298116     298630.218203     27275.000000
       547     299209     299723.217559     27325.000000
       548     300304     300818.216918     27375.000000
       549     301401     301915.216281     27425.000000
       550     302500     303014.215647     27475.000000
       551     303601     304115.215017     27525.000000
       552     304704     305218.214390     27575.000000
       553     305809     306323.213766     27625.000000
       554     306916     307430.213146     27675.000000
       555     308025     308539.212529     27725.000000
       556     309136     309650.211915     27775.000000
       557     310249     310763.211305     27825.000000
       558     311364     311878.210698     27875.000000
       559     312481     312995.210095     27925.000000
       560     313600     314114.209494     27975.000000
       561     314721     315235.208897     28025.000000
       562     315844     316358.208303     28075.000000
       563     316969     317483.207712     28125.000000
       564     318096     318610.207124     28175.000000
       565     319225     319739.206540     28225.000000
       566     320356     320870.205958     28275.000000
       567     321489     322003.205380     28325.000000
       568     322624     323138.204804     28375.000000
       569     323761     324275.204232     28425.000000
       570     324900     325414.203663     28475.000000
       571     326041     326555.203096     28525.000000
       572     327184     327698.202533     28575.000000
       573     328329     328843.201972     28625.000000
       574     329476     329990.201415     28675.000000
       575     330625     331139.200860     28725.000000
       576     331776     332290.200309     28775.000000
       577     332929     333443.199760     28825.000000
       578     334084     334598.199214     28875.000000
       579     335241     335755.198671     28925.000000
       580     336400     336914.198130     28975.000000
       581     337561     338075.197593     29025.000000
       582     338724     339238.197058     29075.000000
       583     339889     340403.196526     29125.000000
       584     341056     341570.195996     29175.000000
       585     342225     342739.195470     29225.000000
       586     343396     343910.194946     29275.000000
       587     344569     345083.194425     29325.000000
       588     345744     346258.193906     29375.000000
       589     346921     347435.193390     29425.000000
       590     348100     348614.192877     29475.000000
       591     349281     349795.192366     29525.000000
       592     350464     350978.191858     29575.000000
       593     351649     352163.191353     29625.000000
       594     352836     353350.190850     29675.000000
       595     354025     354539.190349     29725.000000
       596     355216     355730.189851     29775.000000
       597     356409     356923.189356     29825.000000
       598     357604     358118.188863     29875.000000
       599     358801     359315.188372     29925.000000
       600     360000     360514.187884     29975.000000
       601     361201     361715.187399     30025.000000
       602     362404     362918.186915     30075.000000
       603     363609     364123.186435     30125.000000
       604     364816     365330.185956     30175.000000
       605     366025     366539.185480     30225.000000
       606     367236     367750.185007     30275.000000
       607     368449     368963.184535     30325.000000
       608     369664     370178.184066     30375.000000
       609     370881     371395.183600     30425.000000
       610     372100     372614.183135     30475.000000
       611     373321     373835.182673     30525.000000
       612     374544     375058.182213     30575.000000
       613     375769     376283.181756     30625.000000
       614     376996     377510.181300     30675.000000
       615     378225     378739.180847     30725.000000
       616     379456     379970.180396     30775.000000
       617     380689     381203.179947     30825.000000
       618     381924     382438.179501     30875.000000
       619     383161     383675.179056     30925.000000
       620     384400     384914.178614     30975.000000
       621     385641     386155.178174     31025.000000
       622     386884     387398.177736     31075.000000
       623     388129     388643.177300     31125.000000
       624     389376     389890.176866     31175.000000
       625     390625     391139.176435     31225.000000
       626     391876     392390.176005     31275.000000
       627     393129     393643.175577     31325.000000
       628     394384     394898.175152     31375.000000
       629     395641     396155.174728     31425.000000
       630     396900     397414.174307     31475.000000
       631     398161     398675.173887     31525.000000
       632     399424     399938.173470     31575.000000
       633     400689     401203.173054     31625.000000
       634     401956     402470.172641     31675.000000
       635     403225     403739.172229     31725.000000
       636     404496     405010.171819     31775.000000
       637     405769     406283.171412     31825.000000
       638     407044     407558.171006     31875.000000
       639     408321     408835.170602     31925.000000
       640     409600     410114.170200     31975.000000
       641     410881     411395.169800     32025.000000
       642     412164     412678.169401     32075.000000
       643     413449     413963.169005     32125.000000
       644     414736     415250.168610     32175.000000
       645     416025     416539.168218     32225.000000
       646     417316     417830.167827     32275.000000
       647     418609     419123.167438     32325.000000
       648     419904     420418.167050     32375.000000
       649     421201     421715.166665     32425.000000
       650     422500     423014.166281     32475.000000
       651     423801     424315.165899     32525.000000
       652     425104     425618.165519     32575.000000
       653     426409     426923.165140     32625.000000
       654     427716     428230.164764     32675.000000
       655     429025     429539.164389     32725.000000
       656     430336     430850.164015     32775.000000
       657     431649     432163.163644     32825.000000
       658     432964     433478.163274     32875.000000
       659     434281     434795.162906     32925.000000
       660     435600     436114.162539     32975.000000
       661     436921     437435.162174     33025.000000
       662     438244     438758.161811     33075.000000
       663     439569     440083.161450     33125.000000
       664     440896     441410.161090     33175.000000
       665     442225     442739.160731     33225.000000
       666     443556     444070.160375     33275.000000
       667     444889     445403.160019     33325.000000
       668     446224     446738.159666     33375.000000
       669     447561     448075.159314     33425.000000
       670     448900     449414.158964     33475.000000
       671     450241     450755.158615     33525.000000
       672     451584     452098.158268     33575.000000
       673     452929     453443.157922     33625.000000
       674     454276     454790.157578     33675.000000
       675     455625     456139.157235     33725.000000
       676     456976     457490.156894     33775.000000
       677     458329     458843.156555     33825.000000
       678     459684     460198.156217     33875.000000
       679     461041     461555.155880     33925.000000
       680     462400     462914.155545     33975.000000
       681     463761     464275.155211     34025.000000
       682     465124     465638.154879     34075.000000
       683     466489     467003.154548     34125.000000
       684     467856     468370.154219     34175.000000
       685     469225     469739.153891     34225.000000
       686     470596     471110.153565     34275.000000
       687     471969     472483.153240     34325.000000
       688     473344     473858.152916     34375.000000
       689     474721     475235.152594     34425.000000
       690     476100     476614.152274     34475.000000
       691     477481     477995.151954     34525.000000
       692     478864     479378.151636     34575.000000
       693     480249     480763.151320     34625.000000
       694     481636     482150.151005     34675.000000
       695     483025     483539.150691     34725.000000
       696     484416     484930.150378     34775.000000
       697     485809     486323.150067     34825.000000
       698     487204     487718.149757     34875.000000
       699     488601     489115.149449     34925.000000
       700     490000     490514.149142     34975.000000
       701     491401     491915.148836     35025.000000
       702     492804     493318.148531     35075.000000
       703     494209     494723.148228     35125.000000
       704     495616     496130.147926     35175.000000
       705     497025     497539.147625     35225.000000
       706     498436     498950.147326     35275.000000
       707     499849     500363.147028     35325.000000
       708     501264     501778.146731     35375.000000
       709     502681     503195.146435     35425.000000
       710     504100     504614.146141     35475.000000
       711     505521     506035.145848     35525.000000
       712     506944     507458.145556     35575.000000
       713     508369     508883.145265     35625.000000
       714     509796     510310.144976     35675.000000
       715     511225     511739.144688     35725.000000
       716     512656     513170.144401     35775.000000
       717     514089     514603.144115     35825.000000
       718     515524     516038.143830     35875.000000
       719     516961     517475.143547     35925.000000
       720     518400     518914.143265     35975.000000
       721     519841     520355.142984     36025.000000
       722     521284     521798.142704     36075.000000
       723     522729     523243.142425     36125.000000
       724     524176     524690.142147     36175.000000
       725     525625     526139.141871     36225.000000
       726     527076     527590.141596     36275.000000
       727     528529     529043.141321     36325.000000
       728     529984     530498.141048     36375.000000
       729     531441     531955.140777     36425.000000
       730     532900     533414.140506     36475.000000
       731     534361     534875.140236     36525.000000
       732     535824     536338.139968     36575.000000
       733     537289     537803.139700     36625.000000
       734     538756     539270.139434     36675.000000
       735     540225     540739.139168     36725.000000
       736     541696     542210.138904     36775.000000
       737     543169     543683.138641     36825.000000
       738     544644     545158.138379     36875.000000
       739     546121     546635.138118     36925.000000
       740     547600     548114.137858     36975.000000
       741     549081     549595.137599     37025.000000
       742     550564     551078.137341     37075.000000
       743     552049     552563.137084     37125.000000
       744     553536     554050.136829     37175.000000
       745     555025     555539.136574     37225.000000
       746     556516     557030.136320     37275.000000
       747     558009     558523.136068     37325.000000
       748     559504     560018.135816     37375.000000
       749     561001     561515.135565     37425.000000
       750     562500     563014.135315     37475.000000
       751     564001     564515.135067     37525.000000
       752     565504     566018.134819     37575.000000
       753     567009     567523.134572     37625.000000
       754     568516     569030.134327     37675.000000
       755     570025     570539.134082     37725.000000
       756     571536     572050.133838     37775.000000
       757     573049     573563.133595     37825.000000
       758     574564     575078.133354     37875.000000
       759     576081     576595.133113     37925.000000
       760     577600     578114.132873     37975.000000
       761     579121     579635.132634     38025.000000
       762     580644     581158.132396     38075.000000
       763     582169     582683.132159     38125.000000
       764     583696     584210.131922     38175.000000
       765     585225     585739.131687     38225.000000
       766     586756     587270.131453     38275.000000
       767     588289     588803.131219     38325.000000
       768     589824     590338.130987     38375.000000
       769     591361     591875.130755     38425.000000
       770     592900     593414.130525     38475.000000
       771     594441     594955.130295     38525.000000
       772     595984     596498.130066     38575.000000
       773     597529     598043.129838     38625.000000
       774     599076     599590.129611     38675.000000
       775     600625     601139.129385     38725.000000
       776     602176     602690.129159     38775.000000
       777     603729     604243.128935     38825.000000
       778     605284     605798.128711     38875.000000
       779     606841     607355.128488     38925.000000
       780     608400     608914.128266     38975.000000
       781     609961     610475.128045     39025.000000
       782     611524     612038.127825     39075.000000
       783     613089     613603.127606     39125.000000
       784     614656     615170.127387     39175.000000
       785     616225     616739.127169     39225.000000
       786     617796     618310.126952     39275.000000
       787     619369     619883.126736     39325.000000
       788     620944     621458.126521     39375.000000
       789     622521     623035.126307     39425.000000
       790     624100     624614.126093     39475.000000
       791     625681     626195.125880     39525.000000
       792     627264     627778.125668     39575.000000
       793     628849     629363.125457     39625.000000
       794     630436     630950.125247     39675.000000
       795     632025     632539.125037     39725.000000
       796     633616     634130.124829     39775.000000
       797     635209     635723.124621     39825.000000
       798     636804     637318.124413     39875.000000
       799     638401     638915.124207     39925.000000
       800     640000     640514.124001     39975.000000
       801     641601     642115.123797     40025.000000
       802     643204     643718.123592     40075.000000
       803     644809     645323.123389     40125.000000
       804     646416     646930.123186     40175.000000
       805     648025     648539.122985     40225.000000
       806     649636     650150.122784     40275.000000
       807     651249     651763.122583     40325.000000
       808     652864     653378.122384     40375.000000
       809     654481     654995.122185     40425.000000
       810     656100     656614.121987     40475.000000
       811     657721     658235.121789     40525.000000
       812     659344     659858.121593     40575.000000
       813     660969     661483.121397     40625.000000
       814     662596     663110.121202     40675.000000
       815     664225     664739.121007     40725.000000
       816     665856     666370.120813     40775.000000
       817     667489     668003.120621     40825.000000
       818     669124     669638.120428     40875.000000
       819     670761     671275.120237     40925.000000
       820     672400     672914.120046     40975.000000
       821     674041     674555.119856     41025.000000
       822     675684     676198.119666     41075.000000
       823     677329     677843.119477     41125.000000
       824     678976     679490.119289     41175.000000
       825     680625     681139.119102     41225.000000
       826     682276     682790.118915     41275.000000
       827     683929     684443.118729     41325.000000
       828     685584     686098.118544     41375.000000
       829     687241     687755.118359     41425.000000
       830     688900     689414.118175     41475.000000
       831     690561     691075.117992     41525.000000
       832     692224     692738.117809     41575.000000
       833     693889     694403.117628     41625.000000
       834     695556     696070.117446     41675.000000
       835     697225     697739.117266     41725.000000
       836     698896     699410.117086     41775.000000
       837     700569     701083.116907     41825.000000
       838     702244     702758.116728     41875.000000
       839     703921     704435.116551     41925.000000
       840     705600     706114.116373     41975.000000
       841     707281     707795.116197     42025.000000
       842     708964     709478.116021     42075.000000
       843     710649     711163.115846     42125.000000
       844     712336     712850.115671     42175.000000
       845     714025     714539.115498     42225.000000
       846     715716     716230.115324     42275.000000
       847     717409     717923.115153     42325.000000
       848     719104     719618.114980     42375.000000
       849     720801     721315.114810     42425.000000
       850     722500     723014.114639     42475.000000
       851     724201     724715.114471     42525.000000
       852     725904     726418.114300     42575.000000
       853     727609     728123.114134     42625.000000
       854     729316     729830.113965     42675.000000
       855     731025     731539.113800     42725.000000
       856     732736     733250.113632     42775.000000
       857     734449     734963.113470     42825.000000
       858     736164     736678.113303     42875.000000
       859     737881     738395.113144     42925.000000
       860     739600     740114.112978     42975.000000
       861     741321     741835.112821     43025.000000
       862     743044     743558.112657     43075.000000
       863     744769     745283.112503     43125.000000
       864     746496     747010.112340     43175.000000
       865     748225     748739.112190     43225.000000
       866     749956     750470.112028     43275.000000
       867     751689     752203.111884     43325.000000
       868     753424     753938.111723     43375.000000
       869     755161     755675.111587     43425.000000
       870     756900     757414.111427     43475.000000
       871     758641     759155.111300     43525.000000
       872     760384     760898.111141     43575.000000
       873     762129     762643.111028     43625.000000
       874     763876     764390.110870     43675.000000
       875     765625     766139.110779     43725.000000
       876     767376     767890.110622     43775.000000
       877     769129     769643.110563     43825.000000
       878     770884     771398.110407     43875.000000
       879     772641     773155.110400     43925.000000
       880     774400     774914.110245     43975.000000
       881     776161     776675.110326     44025.000000
       882     777924     778438.110171     44075.000000
       883     779689     780203.110409     44125.000000
       884     781456     781970.110256     44175.000000
       885     783225     783739.110792     44225.000000
       886     784996     785510.110639     44275.000000
       887     786769     787283.111794     44325.000000
       888     788544     789058.111641     44375.000000
       889     790321     790835.114214     44425.000000
       890     792100     792614.114059     44475.000000
       891     793881     794395.120356     44525.000000
       892     795664     796178.120198     44575.000000
       893     797449     797963.138343     44625.000000
       894     799236     799750.138172     44675.000000
       895     801025     801539.206627     44725.000000
       896     802816     803330.206419     44775.000000
       897     804609     805123.601907     44825.000000
       898     806404     806918.601681     44875.000000
       899     808201     808743.817135     44925.000000
       900     810000     810542.784588     44975.000000
