 nmax,omega =          900   50.000000000000000     
        0.0050     0.00000000     0.00000000      0.00000000       0.00000000     0.00000000      0.00000000
        0.0100     0.00000000     0.00000000      0.00000000       0.00000000     0.00000000      0.00000000
        0.0150     0.00000000     0.00000000      0.00000000       0.00000000     0.00000000      0.00000000
        0.0200     0.00000000     0.00000000      0.00000000       0.00000000     0.00000000      0.00000000
        0.0250     0.00000000     0.00000000      0.00000000       0.00000000     0.00000000      0.00000000
        0.0300     0.00000000     0.00000000      0.00000000       0.00000000     0.00000000      0.00000000
        0.0350     0.00000000     0.00000000      0.00000000       0.00000000     0.00000000      0.00000000
        0.0400     0.00000000     0.00000000      0.00000000       0.00000000     0.00000000      0.00000000
        0.0450     0.00000000     0.00000000      0.00000000       0.00000000     0.00000000      0.00000000
        0.0500     0.00000000     0.00000000      0.00000000       0.00000000     0.00000000      0.00000000
        0.0550     0.00000000     0.00000000      0.00000000       0.00000000     0.00000000      0.00000000
        0.0600     0.00000000     0.00000000      0.00000000       0.00000000     0.00000000      0.00000000
        0.0650     0.00000000     0.00000000      0.00000000       0.00000000     0.00000000      0.00000000
        0.0700     0.00000000     0.00000000      0.00000000       0.00000000     0.00000000      0.00000000
        0.0750     0.00000000     0.00000000      0.00000000       0.00000001     0.00000000      0.00000000
        0.0800     0.00000000     0.00000000      0.00000000       0.00000001     0.00000000      0.00000000
        0.0850     0.00000000     0.00000000      0.00000000       0.00000002     0.00000000      0.00000000
        0.0900     0.00000000     0.00000000      0.00000000       0.00000003     0.00000000      0.00000000
        0.0950     0.00000000     0.00000000      0.00000000       0.00000004     0.00000000      0.00000000
        0.1000     0.00000001     0.00000000      0.00000000       0.00000007     0.00000000      0.00000000
        0.1050     0.00000001     0.00000000      0.00000000       0.00000011     0.00000000      0.00000000
        0.1100     0.00000002     0.00000000      0.00000000       0.00000018     0.00000000      0.00000000
        0.1150     0.00000003     0.00000000      0.00000000       0.00000029     0.00000000      0.00000000
        0.1200     0.00000005     0.00000000      0.00000000       0.00000046     0.00000000      0.00000000
        0.1250     0.00000009     0.00000000      0.00000000       0.00000072     0.00000000      0.00000000
        0.1300     0.00000014     0.00000000      0.00000000       0.00000113     0.00000000      0.00000000
        0.1350     0.00000022     0.00000000      0.00000000       0.00000176     0.00000000      0.00000000
        0.1400     0.00000034     0.00000000      0.00000000       0.00000271     0.00000000      0.00000000
        0.1450     0.00000053     0.00000000      0.00000000       0.00000415     0.00000000      0.00000000
        0.1500     0.00000081     0.00000000      0.00000000       0.00000632     0.00000000      0.00000000
        0.1550     0.00000125     0.00000000      0.00000000       0.00000957     0.00000000      0.00000000
        0.1600     0.00000191     0.00000000      0.00000000       0.00001439     0.00000000      0.00000000
        0.1650     0.00000289     0.00000000      0.00000000       0.00002151     0.00000000      0.00000000
        0.1700     0.00000436     0.00000000      0.00000000       0.00003193     0.00000000      0.00000000
        0.1750     0.00000652     0.00000000      0.00000000       0.00004710     0.00000000      0.00000000
        0.1800     0.00000971     0.00000000      0.00000000       0.00006904     0.00000000      0.00000000
        0.1850     0.00001437     0.00000000      0.00000000       0.00010054     0.00000001      0.00000000
        0.1900     0.00002113     0.00000000      0.00000000       0.00014549     0.00000002      0.00000000
        0.1950     0.00003087     0.00000000      0.00000000       0.00020918     0.00000004      0.00000000
        0.2000     0.00004484     0.00000000      0.00000000       0.00029883     0.00000009      0.00000000
        0.2050     0.00006472     0.00000000      0.00000000       0.00042415     0.00000018      0.00000000
        0.2100     0.00009285     0.00000001      0.00000000       0.00059816     0.00000036      0.00000000
        0.2150     0.00013238     0.00000002      0.00000000       0.00083811     0.00000070      0.00000001
        0.2200     0.00018758     0.00000004      0.00000000       0.00116675     0.00000136      0.00000001
        0.2250     0.00026416     0.00000007      0.00000000       0.00161374     0.00000260      0.00000003
        0.2300     0.00036972     0.00000014      0.00000000       0.00221752     0.00000492      0.00000005
        0.2350     0.00051427     0.00000026      0.00000000       0.00302742     0.00000917      0.00000010
        0.2400     0.00071095     0.00000051      0.00000001       0.00410624     0.00001686      0.00000018
        0.2450     0.00097679     0.00000095      0.00000001       0.00553321     0.00003062      0.00000033
        0.2500     0.00133380     0.00000178      0.00000002       0.00740737     0.00005487      0.00000061
        0.2550     0.00181008     0.00000328      0.00000004       0.00985140     0.00009705      0.00000109
        0.2600     0.00244133     0.00000596      0.00000007       0.01301583     0.00016941      0.00000194
        0.2650     0.00327247     0.00001071      0.00000012       0.01708357     0.00029185      0.00000340
        0.2700     0.00435960     0.00001901      0.00000021       0.02227458     0.00049616      0.00000588
        0.2750     0.00577217     0.00003332      0.00000038       0.02885070     0.00083236      0.00001004
        0.2800     0.00759542     0.00005769      0.00000067       0.03712014     0.00137790      0.00001693
        0.2850     0.00993313     0.00009867      0.00000116       0.04744163     0.00225071      0.00002819
        0.2900     0.01291045     0.00016668      0.00000200       0.06022761     0.00362737      0.00004632
        0.2950     0.01667699     0.00027812      0.00000339       0.07594628     0.00576784      0.00007516
        0.3000     0.02140992     0.00045838      0.00000568       0.09512178     0.00904815      0.00012040
        0.3050     0.02731703     0.00074622      0.00000941       0.11833221     0.01400251      0.00019042
        0.3100     0.03463961     0.00119990      0.00001541       0.14620473     0.02137582      0.00029729
        0.3150     0.04365495     0.00190575      0.00002494       0.17940728     0.03218697      0.00045823
        0.3200     0.05467830     0.00298972      0.00003989       0.21863636     0.04780186      0.00069724
        0.3250     0.06806402     0.00463271      0.00006305       0.26460042     0.07001338      0.00104731
        0.3300     0.08420566     0.00709059      0.00009850       0.31799850     0.10112305      0.00155292
        0.3350     0.10353471     0.01071944      0.00015210       0.37949391     0.14401563      0.00227300
        0.3400     0.12651784     0.01600676      0.00023213       0.44968315     0.20221494      0.00328407
        0.3450     0.15365213     0.02360898      0.00035018       0.52906027     0.27990477      0.00468360
        0.3500     0.18545838     0.03439481      0.00052215       0.61797739     0.38189606      0.00659308
        0.3550     0.22247201     0.04949380      0.00076962       0.71660240     0.51351900      0.00916067
        0.3600     0.26523166     0.07034783      0.00112136       0.82487525     0.68041918      0.01256277
        0.3650     0.31426527     0.09876266      0.00161517       0.94246458     0.88823949      0.01700397
        0.3700     0.37007392     0.13695471      0.00229995       1.06872683     1.14217703      0.02271485
        0.3750     0.43311340     0.18758722      0.00323788       1.20267010     1.44641536      0.02994693
        0.3800     0.50377408     0.25378832      0.00450683       1.34292556     1.80344906      0.03896417
        0.3850     0.58235937     0.33914243      0.00620254       1.48772884     2.21333710      0.05003086
        0.3900     0.66906355     0.44764603      0.00844077       1.63491406     2.67294397      0.06339558
        0.3950     0.76394962     0.58361903      0.01135886       1.78192284     3.17524902      0.07927182
        0.4000     0.86692820     0.75156450      0.01511669       1.92583025     3.70882215      0.09781593
        0.4050     0.97773821     0.95597202      0.01989655       2.06338881     4.25757336      0.11910380
        0.4100     1.09593073     1.20106416      0.02590187       2.19109137     4.80088139      0.14310821
        0.4150     1.22085664     1.49049095      0.03335432       2.30525234     5.31418836      0.16967915
        0.4200     1.35165947     1.82698333      0.04248924       2.40210592     5.77011286      0.19852971
        0.4250     1.48727393     2.21198375      0.05354916       2.47791899     6.14008253      0.22923013
        0.4300     1.62643119     2.64527840      0.06677555       2.52911518     6.39642359      0.26121225
        0.4350     1.76767115     3.12466129      0.08239885       2.55240570     6.51477484      0.29378612
        0.4400     1.90936214     3.64566379      0.10062717       2.54492175     6.47662669      0.32616925
        0.4450     2.04972782     4.20138412      0.12163409       2.50434270     6.27173237      0.35752791
        0.4500     2.18688092     4.78244815      0.14554633       2.42901398     5.90010891      0.38702846
        0.4550     2.31886320     5.37712655      0.17243197       2.31804849     5.37334882      0.41389520
        0.4600     2.44369036     5.97162258      0.20229008       2.17140604     4.71500420      0.43747022
        0.4650     2.55940065     6.55053169      0.23504274       1.98994556     3.95988333      0.45726964
        0.4700     2.66410556     7.09745846      0.27053003       1.77544637     3.15220983      0.47303069
        0.4750     2.75604076     7.59576068      0.30850883       1.53059581     2.34272353      0.48474431
        0.4800     2.83361535     8.02937596      0.34865571       1.25894213     1.58493529      0.49266898
        0.4850     2.89545760     8.38367473      0.39057409       0.96481344     0.93086497      0.49732331
        0.4900     2.94045527     8.64627718      0.43380547       0.65320493     0.42667668      0.49945669
        0.4950     2.96778884     8.80777058      0.47784433       0.32963846     0.10866151      0.50000000
        0.5000     2.97695637     8.86226925      0.52215567       0.00000000     0.00000000      0.50000000
        0.5050     2.96778884     8.80777058      0.56619453      -0.32963846     0.10866151      0.50054331
        0.5100     2.94045527     8.64627718      0.60942591      -0.65320493     0.42667668      0.50267669
        0.5150     2.89545760     8.38367473      0.65134429      -0.96481344     0.93086497      0.50733102
        0.5200     2.83361535     8.02937596      0.69149117      -1.25894213     1.58493529      0.51525569
        0.5250     2.75604076     7.59576068      0.72946997      -1.53059581     2.34272353      0.52696931
        0.5300     2.66410556     7.09745846      0.76495726      -1.77544637     3.15220983      0.54273036
        0.5350     2.55940065     6.55053169      0.79770992      -1.98994556     3.95988333      0.56252978
        0.5400     2.44369036     5.97162258      0.82756803      -2.17140604     4.71500420      0.58610480
        0.5450     2.31886320     5.37712655      0.85445367      -2.31804849     5.37334882      0.61297154
        0.5500     2.18688092     4.78244815      0.87836591      -2.42901398     5.90010891      0.64247209
        0.5550     2.04972782     4.20138412      0.89937283      -2.50434270     6.27173237      0.67383075
        0.5600     1.90936214     3.64566379      0.91760115      -2.54492175     6.47662669      0.70621388
        0.5650     1.76767115     3.12466129      0.93322445      -2.55240570     6.51477484      0.73878775
        0.5700     1.62643119     2.64527840      0.94645084      -2.52911518     6.39642359      0.77076987
        0.5750     1.48727393     2.21198375      0.95751076      -2.47791899     6.14008253      0.80147029
        0.5800     1.35165947     1.82698333      0.96664568      -2.40210592     5.77011286      0.83032085
        0.5850     1.22085664     1.49049095      0.97409813      -2.30525234     5.31418836      0.85689179
        0.5900     1.09593073     1.20106416      0.98010345      -2.19109137     4.80088139      0.88089620
        0.5950     0.97773821     0.95597202      0.98488331      -2.06338881     4.25757336      0.90218407
        0.6000     0.86692820     0.75156450      0.98864114      -1.92583025     3.70882215      0.92072818
        0.6050     0.76394962     0.58361903      0.99155923      -1.78192284     3.17524902      0.93660442
        0.6100     0.66906355     0.44764603      0.99379746      -1.63491406     2.67294397      0.94996914
        0.6150     0.58235937     0.33914243      0.99549317      -1.48772884     2.21333710      0.96103583
        0.6200     0.50377408     0.25378832      0.99676212      -1.34292556     1.80344906      0.97005307
        0.6250     0.43311340     0.18758722      0.99770005      -1.20267010     1.44641536      0.97728515
        0.6300     0.37007392     0.13695471      0.99838483      -1.06872683     1.14217703      0.98299603
        0.6350     0.31426527     0.09876266      0.99887864      -0.94246458     0.88823949      0.98743723
        0.6400     0.26523166     0.07034783      0.99923038      -0.82487525     0.68041918      0.99083933
        0.6450     0.22247201     0.04949380      0.99947785      -0.71660240     0.51351900      0.99340692
        0.6500     0.18545838     0.03439481      0.99964982      -0.61797739     0.38189606      0.99531640
        0.6550     0.15365213     0.02360898      0.99976787      -0.52906027     0.27990477      0.99671593
        0.6600     0.12651784     0.01600676      0.99984790      -0.44968315     0.20221494      0.99772700
        0.6650     0.10353471     0.01071944      0.99990150      -0.37949391     0.14401563      0.99844708
        0.6700     0.08420566     0.00709059      0.99993695      -0.31799850     0.10112305      0.99895269
        0.6750     0.06806402     0.00463271      0.99996011      -0.26460042     0.07001338      0.99930276
        0.6800     0.05467830     0.00298972      0.99997506      -0.21863636     0.04780186      0.99954177
        0.6850     0.04365495     0.00190575      0.99998459      -0.17940728     0.03218697      0.99970271
        0.6900     0.03463961     0.00119990      0.99999059      -0.14620473     0.02137582      0.99980958
        0.6950     0.02731703     0.00074622      0.99999432      -0.11833221     0.01400251      0.99987960
        0.7000     0.02140992     0.00045838      0.99999661      -0.09512178     0.00904815      0.99992484
        0.7050     0.01667699     0.00027812      0.99999800      -0.07594628     0.00576784      0.99995368
        0.7100     0.01291045     0.00016668      0.99999884      -0.06022761     0.00362737      0.99997181
        0.7150     0.00993313     0.00009867      0.99999933      -0.04744163     0.00225071      0.99998307
        0.7200     0.00759542     0.00005769      0.99999962      -0.03712014     0.00137790      0.99998996
        0.7250     0.00577217     0.00003332      0.99999979      -0.02885070     0.00083236      0.99999412
        0.7300     0.00435960     0.00001901      0.99999988      -0.02227458     0.00049616      0.99999660
        0.7350     0.00327247     0.00001071      0.99999993      -0.01708357     0.00029185      0.99999806
        0.7400     0.00244133     0.00000596      0.99999996      -0.01301583     0.00016941      0.99999891
        0.7450     0.00181008     0.00000328      0.99999998      -0.00985140     0.00009705      0.99999939
        0.7500     0.00133380     0.00000178      0.99999999      -0.00740737     0.00005487      0.99999967
        0.7550     0.00097679     0.00000095      0.99999999      -0.00553321     0.00003062      0.99999982
        0.7600     0.00071095     0.00000051      1.00000000      -0.00410624     0.00001686      0.99999990
        0.7650     0.00051427     0.00000026      1.00000000      -0.00302742     0.00000917      0.99999995
        0.7700     0.00036972     0.00000014      1.00000000      -0.00221752     0.00000492      0.99999997
        0.7750     0.00026416     0.00000007      1.00000000      -0.00161374     0.00000260      0.99999999
        0.7800     0.00018758     0.00000004      1.00000000      -0.00116675     0.00000136      0.99999999
        0.7850     0.00013238     0.00000002      1.00000000      -0.00083811     0.00000070      1.00000000
        0.7900     0.00009285     0.00000001      1.00000000      -0.00059816     0.00000036      1.00000000
        0.7950     0.00006472     0.00000000      1.00000000      -0.00042415     0.00000018      1.00000000
        0.8000     0.00004484     0.00000000      1.00000000      -0.00029883     0.00000009      1.00000000
        0.8050     0.00003087     0.00000000      1.00000000      -0.00020918     0.00000004      1.00000000
        0.8100     0.00002113     0.00000000      1.00000000      -0.00014549     0.00000002      1.00000000
        0.8150     0.00001437     0.00000000      1.00000000      -0.00010054     0.00000001      1.00000000
        0.8200     0.00000971     0.00000000      1.00000000      -0.00006904     0.00000000      1.00000000
        0.8250     0.00000652     0.00000000      1.00000000      -0.00004710     0.00000000      1.00000000
        0.8300     0.00000436     0.00000000      1.00000000      -0.00003193     0.00000000      1.00000000
        0.8350     0.00000289     0.00000000      1.00000000      -0.00002151     0.00000000      1.00000000
        0.8400     0.00000191     0.00000000      1.00000000      -0.00001439     0.00000000      1.00000000
        0.8450     0.00000125     0.00000000      1.00000000      -0.00000957     0.00000000      1.00000000
        0.8500     0.00000081     0.00000000      1.00000000      -0.00000632     0.00000000      1.00000000
        0.8550     0.00000053     0.00000000      1.00000000      -0.00000415     0.00000000      1.00000000
        0.8600     0.00000034     0.00000000      1.00000000      -0.00000271     0.00000000      1.00000000
        0.8650     0.00000022     0.00000000      1.00000000      -0.00000176     0.00000000      1.00000000
        0.8700     0.00000014     0.00000000      1.00000000      -0.00000113     0.00000000      1.00000000
        0.8750     0.00000009     0.00000000      1.00000000      -0.00000072     0.00000000      1.00000000
        0.8800     0.00000005     0.00000000      1.00000000      -0.00000046     0.00000000      1.00000000
        0.8850     0.00000003     0.00000000      1.00000000      -0.00000029     0.00000000      1.00000000
        0.8900     0.00000002     0.00000000      1.00000000      -0.00000018     0.00000000      1.00000000
        0.8950     0.00000001     0.00000000      1.00000000      -0.00000011     0.00000000      1.00000000
        0.9000     0.00000001     0.00000000      1.00000000      -0.00000007     0.00000000      1.00000000
        0.9050     0.00000000     0.00000000      1.00000000      -0.00000004     0.00000000      1.00000000
        0.9100     0.00000000     0.00000000      1.00000000      -0.00000003     0.00000000      1.00000000
        0.9150     0.00000000     0.00000000      1.00000000      -0.00000002     0.00000000      1.00000000
        0.9200     0.00000000     0.00000000      1.00000000      -0.00000001     0.00000000      1.00000000
        0.9250     0.00000000     0.00000000      1.00000000      -0.00000001     0.00000000      1.00000000
        0.9300     0.00000000     0.00000000      1.00000000      -0.00000000     0.00000000      1.00000000
        0.9350     0.00000000     0.00000000      1.00000000      -0.00000000     0.00000000      1.00000000
        0.9400     0.00000000     0.00000000      1.00000000      -0.00000000     0.00000000      1.00000000
        0.9450     0.00000000     0.00000000      1.00000000      -0.00000000     0.00000000      1.00000000
        0.9500     0.00000000     0.00000000      1.00000000      -0.00000000     0.00000000      1.00000000
        0.9550     0.00000000     0.00000000      1.00000000      -0.00000000     0.00000000      1.00000000
        0.9600     0.00000000     0.00000000      1.00000000      -0.00000000     0.00000000      1.00000000
        0.9650     0.00000000     0.00000000      1.00000000      -0.00000000     0.00000000      1.00000000
        0.9700     0.00000000     0.00000000      1.00000000      -0.00000000     0.00000000      1.00000000
        0.9750     0.00000000     0.00000000      1.00000000      -0.00000000     0.00000000      1.00000000
        0.9800     0.00000000     0.00000000      1.00000000      -0.00000000     0.00000000      1.00000000
        0.9850     0.00000000     0.00000000      1.00000000      -0.00000000     0.00000000      1.00000000
        0.9900     0.00000000     0.00000000      1.00000000      -0.00000000     0.00000000      1.00000000
        0.9950     0.00000000     0.00000000      1.00000000      -0.00000000     0.00000000      1.00000000
        1.0000    -0.00000000     0.00000000      1.00000000      -0.00000000     0.00000000      1.00000000
