 nmax,omega =          900   50.000000000000000     
        0.0050     0.00000000     0.00000000         0.00000000     0.00000000
        0.0100     0.00000000     0.00000000         0.00000000     0.00000000
        0.0150     0.00000000     0.00000000         0.00000000     0.00000000
        0.0200     0.00000000     0.00000000         0.00000000     0.00000000
        0.0250     0.00000000     0.00000000         0.00000000     0.00000000
        0.0300     0.00000000     0.00000000         0.00000000     0.00000000
        0.0350     0.00000000     0.00000000         0.00000000     0.00000000
        0.0400     0.00000000     0.00000000         0.00000000     0.00000000
        0.0450     0.00000000     0.00000000         0.00000000     0.00000000
        0.0500     0.00000000     0.00000000         0.00000000     0.00000000
        0.0550     0.00000000     0.00000000         0.00000000     0.00000000
        0.0600     0.00000000     0.00000000         0.00000000     0.00000000
        0.0650     0.00000000     0.00000000         0.00000000     0.00000000
        0.0700     0.00000000     0.00000000         0.00000000     0.00000000
        0.0750     0.00000000     0.00000000         0.00000001     0.00000001
        0.0800     0.00000000     0.00000000         0.00000001     0.00000001
        0.0850     0.00000000     0.00000000         0.00000002     0.00000002
        0.0900     0.00000000     0.00000000         0.00000003     0.00000003
        0.0950     0.00000000     0.00000000         0.00000004     0.00000004
        0.1000     0.00000001     0.00000001         0.00000007     0.00000007
        0.1050     0.00000001     0.00000001         0.00000011     0.00000011
        0.1100     0.00000002     0.00000002         0.00000018     0.00000018
        0.1150     0.00000003     0.00000003         0.00000029     0.00000029
        0.1200     0.00000005     0.00000005         0.00000046     0.00000046
        0.1250     0.00000009     0.00000009         0.00000072     0.00000072
        0.1300     0.00000014     0.00000014         0.00000113     0.00000113
        0.1350     0.00000022     0.00000022         0.00000176     0.00000176
        0.1400     0.00000034     0.00000034         0.00000271     0.00000271
        0.1450     0.00000053     0.00000053         0.00000415     0.00000415
        0.1500     0.00000081     0.00000081         0.00000632     0.00000632
        0.1550     0.00000125     0.00000125         0.00000957     0.00000957
        0.1600     0.00000191     0.00000191         0.00001439     0.00001439
        0.1650     0.00000289     0.00000289         0.00002151     0.00002151
        0.1700     0.00000436     0.00000436         0.00003193     0.00003193
        0.1750     0.00000652     0.00000652         0.00004710     0.00004710
        0.1800     0.00000971     0.00000971         0.00006904     0.00006904
        0.1850     0.00001437     0.00001437         0.00010054     0.00010054
        0.1900     0.00002113     0.00002113         0.00014549     0.00014549
        0.1950     0.00003087     0.00003087         0.00020918     0.00020918
        0.2000     0.00004484     0.00004484         0.00029883     0.00029883
        0.2050     0.00006472     0.00006472         0.00042415     0.00042415
        0.2100     0.00009285     0.00009285         0.00059816     0.00059816
        0.2150     0.00013238     0.00013238         0.00083811     0.00083811
        0.2200     0.00018758     0.00018758         0.00116675     0.00116675
        0.2250     0.00026416     0.00026416         0.00161374     0.00161374
        0.2300     0.00036972     0.00036972         0.00221752     0.00221752
        0.2350     0.00051427     0.00051427         0.00302742     0.00302742
        0.2400     0.00071095     0.00071095         0.00410624     0.00410624
        0.2450     0.00097679     0.00097679         0.00553321     0.00553321
        0.2500     0.00133380     0.00133380         0.00740737     0.00740737
        0.2550     0.00181008     0.00181008         0.00985140     0.00985140
        0.2600     0.00244133     0.00244133         0.01301583     0.01301583
        0.2650     0.00327247     0.00327247         0.01708357     0.01708357
        0.2700     0.00435960     0.00435960         0.02227458     0.02227458
        0.2750     0.00577217     0.00577217         0.02885070     0.02885070
        0.2800     0.00759542     0.00759542         0.03712014     0.03712014
        0.2850     0.00993313     0.00993313         0.04744163     0.04744163
        0.2900     0.01291045     0.01291045         0.06022761     0.06022761
        0.2950     0.01667699     0.01667699         0.07594628     0.07594628
        0.3000     0.02140992     0.02140992         0.09512178     0.09512178
        0.3050     0.02731703     0.02731703         0.11833221     0.11833221
        0.3100     0.03463961     0.03463961         0.14620473     0.14620473
        0.3150     0.04365495     0.04365495         0.17940728     0.17940728
        0.3200     0.05467830     0.05467830         0.21863636     0.21863636
        0.3250     0.06806402     0.06806402         0.26460042     0.26460042
        0.3300     0.08420566     0.08420566         0.31799850     0.31799850
        0.3350     0.10353471     0.10353471         0.37949391     0.37949391
        0.3400     0.12651784     0.12651784         0.44968315     0.44968315
        0.3450     0.15365213     0.15365213         0.52906027     0.52906027
        0.3500     0.18545838     0.18545838         0.61797739     0.61797739
        0.3550     0.22247201     0.22247201         0.71660240     0.71660240
        0.3600     0.26523166     0.26523166         0.82487525     0.82487525
        0.3650     0.31426527     0.31426527         0.94246458     0.94246458
        0.3700     0.37007392     0.37007392         1.06872683     1.06872683
        0.3750     0.43311340     0.43311340         1.20267010     1.20267010
        0.3800     0.50377408     0.50377408         1.34292556     1.34292556
        0.3850     0.58235937     0.58235937         1.48772884     1.48772884
        0.3900     0.66906355     0.66906355         1.63491406     1.63491406
        0.3950     0.76394962     0.76394962         1.78192284     1.78192284
        0.4000     0.86692820     0.86692820         1.92583025     1.92583025
        0.4050     0.97773821     0.97773821         2.06338881     2.06338881
        0.4100     1.09593073     1.09593073         2.19109137     2.19109137
        0.4150     1.22085664     1.22085664         2.30525234     2.30525234
        0.4200     1.35165947     1.35165947         2.40210592     2.40210592
        0.4250     1.48727393     1.48727393         2.47791899     2.47791899
        0.4300     1.62643119     1.62643119         2.52911518     2.52911518
        0.4350     1.76767115     1.76767115         2.55240570     2.55240570
        0.4400     1.90936214     1.90936214         2.54492175     2.54492175
        0.4450     2.04972782     2.04972782         2.50434270     2.50434270
        0.4500     2.18688092     2.18688092         2.42901398     2.42901398
        0.4550     2.31886320     2.31886320         2.31804849     2.31804849
        0.4600     2.44369036     2.44369036         2.17140604     2.17140604
        0.4650     2.55940065     2.55940065         1.98994556     1.98994556
        0.4700     2.66410556     2.66410556         1.77544637     1.77544637
        0.4750     2.75604076     2.75604076         1.53059581     1.53059581
        0.4800     2.83361535     2.83361535         1.25894213     1.25894213
        0.4850     2.89545760     2.89545760         0.96481344     0.96481344
        0.4900     2.94045527     2.94045527         0.65320493     0.65320493
        0.4950     2.96778884     2.96778884         0.32963846     0.32963846
        0.5000     2.97695637     2.97695637         0.00000000    -0.00000000
        0.5050     2.96778884     2.96778884        -0.32963846    -0.32963846
        0.5100     2.94045527     2.94045527        -0.65320493    -0.65320493
        0.5150     2.89545760     2.89545760        -0.96481344    -0.96481344
        0.5200     2.83361535     2.83361535        -1.25894213    -1.25894213
        0.5250     2.75604076     2.75604076        -1.53059581    -1.53059581
        0.5300     2.66410556     2.66410556        -1.77544637    -1.77544637
        0.5350     2.55940065     2.55940065        -1.98994556    -1.98994556
        0.5400     2.44369036     2.44369036        -2.17140604    -2.17140604
        0.5450     2.31886320     2.31886320        -2.31804849    -2.31804849
        0.5500     2.18688092     2.18688092        -2.42901398    -2.42901398
        0.5550     2.04972782     2.04972782        -2.50434270    -2.50434270
        0.5600     1.90936214     1.90936214        -2.54492175    -2.54492175
        0.5650     1.76767115     1.76767115        -2.55240570    -2.55240570
        0.5700     1.62643119     1.62643119        -2.52911518    -2.52911518
        0.5750     1.48727393     1.48727393        -2.47791899    -2.47791899
        0.5800     1.35165947     1.35165947        -2.40210592    -2.40210592
        0.5850     1.22085664     1.22085664        -2.30525234    -2.30525234
        0.5900     1.09593073     1.09593073        -2.19109137    -2.19109137
        0.5950     0.97773821     0.97773821        -2.06338881    -2.06338881
        0.6000     0.86692820     0.86692820        -1.92583025    -1.92583025
        0.6050     0.76394962     0.76394962        -1.78192284    -1.78192284
        0.6100     0.66906355     0.66906355        -1.63491406    -1.63491406
        0.6150     0.58235937     0.58235937        -1.48772884    -1.48772884
        0.6200     0.50377408     0.50377408        -1.34292556    -1.34292556
        0.6250     0.43311340     0.43311340        -1.20267010    -1.20267010
        0.6300     0.37007392     0.37007392        -1.06872683    -1.06872683
        0.6350     0.31426527     0.31426527        -0.94246458    -0.94246458
        0.6400     0.26523166     0.26523166        -0.82487525    -0.82487525
        0.6450     0.22247201     0.22247201        -0.71660240    -0.71660240
        0.6500     0.18545838     0.18545838        -0.61797739    -0.61797739
        0.6550     0.15365213     0.15365213        -0.52906027    -0.52906027
        0.6600     0.12651784     0.12651784        -0.44968315    -0.44968315
        0.6650     0.10353471     0.10353471        -0.37949391    -0.37949391
        0.6700     0.08420566     0.08420566        -0.31799850    -0.31799850
        0.6750     0.06806402     0.06806402        -0.26460042    -0.26460042
        0.6800     0.05467830     0.05467830        -0.21863636    -0.21863636
        0.6850     0.04365495     0.04365495        -0.17940728    -0.17940728
        0.6900     0.03463961     0.03463961        -0.14620473    -0.14620473
        0.6950     0.02731703     0.02731703        -0.11833221    -0.11833221
        0.7000     0.02140992     0.02140992        -0.09512178    -0.09512178
        0.7050     0.01667699     0.01667699        -0.07594628    -0.07594628
        0.7100     0.01291045     0.01291045        -0.06022761    -0.06022761
        0.7150     0.00993313     0.00993313        -0.04744163    -0.04744163
        0.7200     0.00759542     0.00759542        -0.03712014    -0.03712014
        0.7250     0.00577217     0.00577217        -0.02885070    -0.02885070
        0.7300     0.00435960     0.00435960        -0.02227458    -0.02227458
        0.7350     0.00327247     0.00327247        -0.01708357    -0.01708357
        0.7400     0.00244133     0.00244133        -0.01301583    -0.01301583
        0.7450     0.00181008     0.00181008        -0.00985140    -0.00985140
        0.7500     0.00133380     0.00133380        -0.00740737    -0.00740737
        0.7550     0.00097679     0.00097679        -0.00553321    -0.00553321
        0.7600     0.00071095     0.00071095        -0.00410624    -0.00410624
        0.7650     0.00051427     0.00051427        -0.00302742    -0.00302742
        0.7700     0.00036972     0.00036972        -0.00221752    -0.00221752
        0.7750     0.00026416     0.00026416        -0.00161374    -0.00161374
        0.7800     0.00018758     0.00018758        -0.00116675    -0.00116675
        0.7850     0.00013238     0.00013238        -0.00083811    -0.00083811
        0.7900     0.00009285     0.00009285        -0.00059816    -0.00059816
        0.7950     0.00006472     0.00006472        -0.00042415    -0.00042415
        0.8000     0.00004484     0.00004484        -0.00029883    -0.00029883
        0.8050     0.00003087     0.00003087        -0.00020918    -0.00020918
        0.8100     0.00002113     0.00002113        -0.00014549    -0.00014549
        0.8150     0.00001437     0.00001437        -0.00010054    -0.00010054
        0.8200     0.00000971     0.00000971        -0.00006904    -0.00006904
        0.8250     0.00000652     0.00000652        -0.00004710    -0.00004710
        0.8300     0.00000436     0.00000436        -0.00003193    -0.00003193
        0.8350     0.00000289     0.00000289        -0.00002151    -0.00002151
        0.8400     0.00000191     0.00000191        -0.00001439    -0.00001439
        0.8450     0.00000125     0.00000125        -0.00000957    -0.00000957
        0.8500     0.00000081     0.00000081        -0.00000632    -0.00000632
        0.8550     0.00000053     0.00000053        -0.00000415    -0.00000415
        0.8600     0.00000034     0.00000034        -0.00000271    -0.00000271
        0.8650     0.00000022     0.00000022        -0.00000176    -0.00000176
        0.8700     0.00000014     0.00000014        -0.00000113    -0.00000113
        0.8750     0.00000009     0.00000009        -0.00000072    -0.00000072
        0.8800     0.00000005     0.00000005        -0.00000046    -0.00000046
        0.8850     0.00000003     0.00000003        -0.00000029    -0.00000029
        0.8900     0.00000002     0.00000002        -0.00000018    -0.00000018
        0.8950     0.00000001     0.00000001        -0.00000011    -0.00000011
        0.9000     0.00000001     0.00000001        -0.00000007    -0.00000007
        0.9050     0.00000000     0.00000000        -0.00000004    -0.00000004
        0.9100     0.00000000     0.00000000        -0.00000003    -0.00000003
        0.9150     0.00000000     0.00000000        -0.00000002    -0.00000002
        0.9200     0.00000000     0.00000000        -0.00000001    -0.00000001
        0.9250     0.00000000     0.00000000        -0.00000001    -0.00000001
        0.9300     0.00000000     0.00000000        -0.00000000    -0.00000000
        0.9350     0.00000000     0.00000000        -0.00000000    -0.00000000
        0.9400     0.00000000     0.00000000        -0.00000000    -0.00000000
        0.9450     0.00000000     0.00000000        -0.00000000    -0.00000000
        0.9500     0.00000000     0.00000000        -0.00000000    -0.00000000
        0.9550     0.00000000     0.00000000        -0.00000000    -0.00000000
        0.9600     0.00000000     0.00000000        -0.00000000    -0.00000000
        0.9650     0.00000000     0.00000000        -0.00000000    -0.00000000
        0.9700     0.00000000     0.00000000        -0.00000000    -0.00000000
        0.9750     0.00000000     0.00000000        -0.00000000    -0.00000000
        0.9800     0.00000000     0.00000000        -0.00000000    -0.00000000
        0.9850     0.00000000     0.00000000        -0.00000000    -0.00000000
        0.9900     0.00000000     0.00000000        -0.00000000    -0.00000000
        0.9950     0.00000000     0.00000000        -0.00000000    -0.00000000
        1.0000    -0.00000000     0.00000000        -0.00000000    -0.00000000
